0.000000e+00 0.000000 0.000000
7.999858e-07 163356.176385 -49531.254948
1.599972e-06 186215.466061 -52457.018990
2.399957e-06 195605.598494 -61906.393693
3.199943e-06 199738.477052 -54088.384111
3.999929e-06 199563.376270 -61099.445728
4.799915e-06 193032.991821 -54312.942647
5.599901e-06 191151.402167 -20773.839871
6.399886e-06 178513.428132 -60439.071294
7.199872e-06 163691.657704 -55169.632231
7.999858e-06 156995.966861 -44818.202382
8.799844e-06 151445.785450 -45611.362627
9.599830e-06 142089.710791 -39158.017516
1.039982e-05 138557.117609 -31132.500404
1.119980e-05 145782.968989 -38729.759703
1.199979e-05 155591.537316 -48894.378391
1.279977e-05 163541.874441 -45575.878410
1.359976e-05 172359.447429 -42723.990259
1.439974e-05 176724.874365 -39647.232233
1.519973e-05 179162.529761 -37399.767332
1.599972e-05 175021.944779 -28749.716454
1.679970e-05 173817.679661 -38098.030868
1.759969e-05 173415.202577 -40319.652862
1.839967e-05 171290.381713 -47742.709814
1.919966e-05 159819.283421 -45345.613122
1.999965e-05 147323.645838 -39619.091918
2.079963e-05 143622.681175 -33500.305296
2.159962e-05 139222.322614 -35573.794030
2.239960e-05 142791.051793 -36519.920414
2.319959e-05 150866.110264 -29898.569945
2.399957e-05 153715.012392 -36011.796399
2.479956e-05 155746.558820 -25606.303897
2.559955e-05 159302.608300 -22786.075130
2.639953e-05 160949.211740 -18716.359534
2.719952e-05 169222.622661 -34590.923599
2.799950e-05 165940.858680 -28940.983113
2.879949e-05 169327.598477 -37073.080842
2.959947e-05 162786.434581 -47422.290307
3.039946e-05 158734.877317 -53197.732615
3.119945e-05 163454.164749 -47261.526997
3.199943e-05 163660.067751 -41219.515178
3.279942e-05 156776.142846 -12989.034325
3.359940e-05 163315.898007 -34673.994865
3.439939e-05 162330.886073 -15519.733791
3.519938e-05 173668.286959 -34107.540866
3.599936e-05 176930.308318 -40002.771806
3.679935e-05 176476.276988 -15205.018440
3.759933e-05 178440.623745 -46431.178300
3.839932e-05 173434.521129 -40441.108956
3.919930e-05 176164.621037 -44101.357173
3.999929e-05 166303.200378 -39074.307045
4.079928e-05 157397.179167 -38648.201866
4.159926e-05 141007.729867 -33311.680266
4.239925e-05 154849.937213 -42534.808505
4.319923e-05 163585.953846 -38884.538406
4.399922e-05 162004.742554 -39158.480018
4.479921e-05 169299.430988 -39582.070150
4.559919e-05 173709.723038 -38456.074537
4.639918e-05 179605.091213 -35022.702009
4.719916e-05 170155.807943 -26997.361266
4.799915e-05 177508.702031 -33354.619407
4.879913e-05 184735.323926 -44908.250553
4.959912e-05 166720.250414 -48613.248513
5.039911e-05 171644.315352 -43610.107139
5.119909e-05 160543.551019 -38248.516272
5.199908e-05 160953.463228 -36208.640976
5.279906e-05 168740.205072 -38131.650131
5.359905e-05 169970.393117 -35406.280644
5.439903e-05 171095.253969 -37548.328652
5.519902e-05 172264.203428 -37211.518470
5.599901e-05 173302.359948 -33165.491012
5.679899e-05 169371.682613 -44656.349784
5.759898e-05 178557.434758 -44844.600824
5.839896e-05 163634.820865 -42555.342196
5.919895e-05 149598.304990 -34837.593742
5.999894e-05 143604.374081 -20888.481912
6.079892e-05 148974.260287 -45875.348030
6.159891e-05 156078.665890 -34946.573766
6.239889e-05 162284.799109 -41773.594810
6.319888e-05 172930.781451 -34311.163324
6.399886e-05 170596.673643 -29582.576603
6.479885e-05 177117.699365 -37563.772429
6.559884e-05 176578.979300 -33543.284662
6.639882e-05 175743.202236 -35991.928997
6.719881e-05 172883.363321 -43417.110898
6.799879e-05 176064.316097 -49627.022878
6.879878e-05 160033.087703 -51837.337511
6.959877e-05 152716.154964 -45621.086935
7.039875e-05 148124.426046 -38565.415875
7.119874e-05 142118.506753 -33274.625388
7.199872e-05 155602.084985 -42071.093224
7.279871e-05 154992.870805 -8509.704900
7.359869e-05 161441.012669 -39727.165522
7.439868e-05 161730.859674 -27185.499684
7.519867e-05 167924.746922 -39541.170702
7.599865e-05 170841.570996 -26272.165076
7.679864e-05 170148.696950 -30275.639804
7.759862e-05 172834.854560 -26822.898525
7.839861e-05 178557.570067 -28723.596115
7.919860e-05 170370.764280 -36130.978732
7.999858e-05 157679.667021 -37814.931948
8.079857e-05 156696.814579 -40148.743973
8.159855e-05 162894.301446 -42578.784611
8.239854e-05 170138.340204 -38530.759594
8.319852e-05 166779.960474 -40194.302668
8.399851e-05 169491.106006 -3816.813438
8.479850e-05 170506.171156 -19500.559905
8.559848e-05 172194.673169 -12374.377386
8.639847e-05 172352.138323 -37672.343749
8.719845e-05 160077.040622 -31062.706542
8.799844e-05 148315.200547 -47207.449953
8.879842e-05 143556.517347 -41777.289476
8.959841e-05 142529.634593 -40551.516422
9.039840e-05 142576.084537 -15274.698806
9.119838e-05 142956.848990 -24098.874590
9.199837e-05 150486.732655 -26300.347878
9.279835e-05 154662.574970 -24896.495219
9.359834e-05 164935.903070 -30092.792961
9.439833e-05 163810.637797 -25347.144695
9.519831e-05 166731.113890 -17993.731694
9.599830e-05 175672.191911 -38054.637873
9.679828e-05 178326.013105 -23652.680592
9.759827e-05 171263.768268 -28727.802336
9.839825e-05 160441.824321 -35322.129481
9.919824e-05 154567.854204 -24566.960679
9.999823e-05 146967.591096 -36559.095277
1.007982e-04 151986.355717 -29097.382739
1.015982e-04 149959.419131 -4123.168936
1.023982e-04 156310.190726 -36682.771705
1.031982e-04 162187.332102 -19235.551689
1.039982e-04 170653.033670 -40689.412934
1.047981e-04 167913.269673 -17201.719686
1.055981e-04 167060.906332 -32794.319659
1.063981e-04 173752.843793 -27013.135473
1.071981e-04 171680.704698 -28997.207194
1.079981e-04 172046.731980 -51454.698622
1.087981e-04 154152.948175 -45718.514698
1.095981e-04 151081.800013 -14292.541316
1.103980e-04 150109.922588 -19515.832636
1.111980e-04 145161.990293 -26881.573127
1.119980e-04 154162.062572 -22796.354425
1.127980e-04 154634.644816 -11105.422849
1.135980e-04 151996.463065 -32708.686537
1.143980e-04 157686.942081 -26431.586346
1.151980e-04 165607.764178 -31797.650704
1.159979e-04 163329.525639 -30999.428087
1.167979e-04 165663.959353 -14290.526946
1.175979e-04 169015.147052 -39121.564886
1.183979e-04 169335.930680 -39740.449987
1.191979e-04 163801.534228 -31265.810361
1.199979e-04 143998.275775 -47045.880296
