0.000000e+00 0.000000 0.000000
7.996354e-07 0.000000 0.000000
1.599271e-06 170608.027776 -50282.802308
2.398906e-06 186987.059170 -62447.307070
3.198542e-06 191637.098699 -54473.629456
3.998177e-06 199211.994339 -53403.831669
4.797812e-06 198185.336690 -49819.688344
5.597448e-06 204425.889752 -56105.892935
6.397083e-06 203755.231338 -61951.149586
7.196719e-06 202064.941649 -66580.811885
7.996354e-06 194372.329044 -64319.407254
8.795989e-06 194113.724344 -66261.879441
9.595625e-06 176480.833614 -50905.171836
1.039526e-05 172037.718671 -48886.768549
1.119490e-05 173770.228841 -48315.682533
1.199453e-05 167944.005773 -46318.205203
1.279417e-05 169309.261711 -38025.076741
1.359380e-05 166445.469898 -33802.939137
1.439344e-05 174406.830255 -33941.244566
1.519307e-05 178811.319075 -37694.054054
1.599271e-05 177545.758706 -37568.525550
1.679234e-05 178346.909524 -35347.890343
1.759198e-05 171288.235943 -26772.058011
1.839161e-05 174842.960936 -29465.289281
1.919125e-05 173832.792308 -33628.924977
1.999088e-05 171198.856433 -35883.843137
2.079052e-05 172439.658259 -20876.954418
2.159016e-05 171898.916939 -50915.495833
2.238979e-05 166514.907808 -50278.828857
2.318943e-05 165231.822596 -49803.767771
2.398906e-05 165859.349843 -53735.209292
2.478870e-05 172665.863169 -45859.836940
2.558833e-05 176618.801228 -50871.074417
2.638797e-05 189589.157521 -55288.003807
2.718760e-05 183091.903080 -31654.091770
2.798724e-05 165592.928302 -32362.658140
2.878687e-05 178656.235895 -38135.324167
2.958651e-05 178606.937214 -39060.925644
3.038615e-05 174829.831518 -38643.947331
3.118578e-05 167956.765639 -32952.232607
3.198542e-05 168774.870830 -34156.363405
3.278505e-05 167789.523336 -35698.819406
3.358469e-05 155687.947195 -29522.911029
3.438432e-05 167107.515328 -29750.665929
3.518396e-05 166111.026323 -32246.238426
3.598359e-05 170736.096188 -32163.882294
3.678323e-05 173762.775088 -25914.919388
3.758286e-05 176454.288862 -35986.342166
3.838250e-05 183700.690667 -33164.033922
3.918213e-05 177762.006491 -33450.127328
3.998177e-05 176525.362705 -34840.903278
4.078141e-05 172133.456022 -21084.901263
4.158104e-05 177592.585461 -36979.766415
4.238068e-05 165368.922924 -36969.876127
4.318031e-05 152938.582085 -33425.958984
4.397995e-05 164759.463920 -41408.667242
4.477958e-05 168185.061692 -33548.061401
4.557922e-05 165689.331601 -31955.414629
4.637885e-05 179908.873806 -33507.976768
4.717849e-05 196557.036493 -46355.740366
4.797812e-05 186217.807717 -50879.826090
4.877776e-05 192341.132431 -44426.444025
4.957739e-05 192306.723971 -39488.661912
5.037703e-05 183284.267710 -37634.675977
5.117667e-05 182581.484716 -32478.370793
5.197630e-05 174601.058382 -46442.608333
5.277594e-05 175957.449284 -51213.565490
5.357557e-05 181510.555079 -50477.440009
5.437521e-05 169285.126381 -50305.802024
5.517484e-05 167189.926383 -50010.922514
5.597448e-05 164406.748757 -53000.574939
5.677411e-05 166807.646042 -45194.532223
5.757375e-05 173838.641856 -54308.742961
5.837338e-05 179941.671227 -55313.382661
5.917302e-05 185770.548902 -23059.511233
5.997265e-05 189333.282619 -50948.230941
6.077229e-05 189607.543240 -42296.353412
6.157193e-05 188308.728937 -54113.752320
6.237156e-05 192834.727468 -59139.622137
6.317120e-05 197097.912188 -49672.311201
6.397083e-05 198868.043615 -52741.723967
6.477047e-05 206637.548653 -54647.330147
6.557010e-05 207369.745263 -60104.539359
6.636974e-05 203451.210420 -54367.842756
6.716937e-05 200249.709951 -25961.424870
6.796901e-05 198679.832130 -54227.740342
6.876864e-05 196702.658407 -58482.436561
6.956828e-05 186542.005316 -54546.628626
7.036792e-05 170371.545580 -51509.934958
7.116755e-05 164048.162534 -54252.383587
7.196719e-05 166387.172232 -51380.531907
7.276682e-05 155394.823034 -45714.757183
7.356646e-05 165758.464766 -45514.481009
7.436609e-05 171157.347769 -47898.029601
7.516573e-05 178996.456250 -46583.855351
7.596536e-05 186948.770931 -45533.468718
7.676500e-05 191840.022435 -46542.488685
7.756463e-05 189945.186611 -38904.413782
7.836427e-05 195511.603711 -43090.452798
7.916390e-05 197193.687310 -47646.657683
7.996354e-05 192760.391915 -18351.563044
8.076318e-05 194143.285733 -56299.807445
8.156281e-05 193074.863447 -52764.806576
8.236245e-05 188171.712949 -51504.679010
8.316208e-05 181176.911213 -50652.123936
8.396172e-05 177623.560083 -57074.553382
8.476135e-05 170933.953032 -52529.694295
8.556099e-05 164895.707550 -52909.600761
8.636062e-05 159605.592286 -39058.513986
8.716026e-05 176306.523557 -34923.344995
8.795989e-05 175606.927593 -38667.148853
8.875953e-05 157733.659020 -36024.168851
8.955916e-05 161171.489661 -31565.894878
9.035880e-05 151977.800980 -29322.407529
9.115844e-05 161154.753111 -18058.418403
9.195807e-05 171207.714595 -28335.492077
9.275771e-05 166767.831652 -31250.779158
9.355734e-05 186069.149203 -42704.803461
9.435698e-05 195009.457710 -36782.480255
9.515661e-05 191383.092917 -33530.218483
9.595625e-05 185635.773300 -38699.044466
9.675588e-05 176457.744817 -38767.504471
9.755552e-05 182810.903965 -43640.834645
9.835515e-05 170849.172015 -33320.509962
9.915479e-05 170075.023520 -43295.998720
9.995442e-05 170974.086048 -23868.204140
1.007541e-04 175897.589727 -37111.708576
1.015537e-04 170617.323677 -49833.712992
1.023533e-04 174118.102145 -20846.935501
1.031530e-04 178976.305679 -45706.802927
1.039526e-04 181691.483266 -37508.452744
1.047522e-04 179114.336799 -35825.016450
1.055519e-04 181131.636198 -16776.574705
1.063515e-04 181613.579953 -35023.480813
1.071511e-04 170216.842916 -31017.105430
1.079508e-04 171469.789699 -43517.951629
1.087504e-04 174200.944109 -46180.255943
1.095500e-04 167190.853522 -10746.140499
1.103497e-04 165797.956272 -43393.768153
1.111493e-04 158500.467515 -32569.300497
1.119490e-04 165526.268361 -33749.249722
1.127486e-04 163370.829670 -28487.935295
1.135482e-04 162135.264930 -30942.383895
1.143479e-04 156989.393738 -22764.220820
1.151475e-04 167637.867566 -39842.995000
1.159471e-04 176034.636684 -29093.427617
1.167468e-04 186543.869258 -29529.902983
1.175464e-04 182837.064780 -27683.429489
1.183460e-04 187347.567978 -36014.353147
1.191457e-04 189104.129767 -35343.204011
1.199453e-04 185829.581745 -26743.122860
